197 ,

11111111111111111 vamina 11111111 11111 111 11 1111111111 plnum
111 11 1111111111 11 111111 1111111111 cmo. 1111“111111111111’
1111111111 tetigt 111111 11111111 1111111 11 1111111111, 11 nugo·
111111 11 111111 111111111111111111111111111111 111 1111111111
on mammingon, 11111111 1111111 1111111111 11111, 11111111 111111
1111 1111111 druogo 11111111111 ¹ 11111111 kunnan 11111111.

111, 1111111111 11111111 111 111 11111111 1111111151 11 111111·
gon 1111111 din. 111111 11111111 utun 111111 11111111, 1111111111
11111111 1111 ’111111 11111111 1111, hij 1111111111111 1811, 111
11111 1111111111, en ¹²⁰ss 1111111 11]·,1111111 1111111111111 1111
1111111111 1111, om onmiddellijk op 11 1111111111 1111 te 1111111
111 de 111111 111 11111111111 1111Ιωὶ111, 111111, 1111111111·
111111 111111111111 11111111111111 cudendi· 111 1111111111
jacen monemus, wmbij 1111 op 1111 1111111, om 11 11111 μ·
1111111 1111111111 11 11 111111 11 111111111111111111, 11111111 11
1111111111 bodoma 11111111, 1111111 11 1111111111 1111111111 111
ons 11111111 1111, 111 1111111111 11111111 in.

nij 11 11111111111111 1111111 111111 1111111 11111111 worden 1111
,11 1111111111 111 Oudon, 11 1111111111111111 1111111111 en 11111·
1111111111 1111111111 1111111111, 11111111111111 11 noy 1111111
1111111111, 111 men 111 1111111111 1111 in 11 1111111 11111111,
111 men 1111111 11111111 1111 111111 1111111111111111111 ².

5 11. 0111111111 111 1111 1111111111, hoo 1111 1111511111 1111111111
111111 iuga-igi 11, 11 111111 111 11111 mezen promn 111 11111-
niunden 11 1111111 11111111,111111 1111111111111111111 111·
1111111111 11111111111111. 11111111111111111111 111 111111111-
11111 111111 11 lemen, 111 hij 111111111111111111111111, 1111111111 111
11 examinandi 1111111 1111111111, 1111 11111111 11 111111111Ιά1
11111111111111111111111 11 11111111 111 111 gem-gd worden. 11111·
11111 11111111 Ι111111 met 1111 nnumin! 1111111131 1111111, mom 111

1) ’·1111111111 1111111111 111 11111 1111 1111111111,” 1111 11 1111111111
11111111, 11 11111 Bm 1111 111111111111111, 11111. 111. 111111 111111111
11 111111 vm 11111111, 11111 1111 mur 1111 1111111111111111, 1111 1111111111
1111111111, 11111111 1111· 111 (11111111, 11111 111111 11111111 huju, 1111111
11111, 111111 1111111111 11111111,111 11111111. 11111 1111 111111111 Jon-
flessnpjtren 111111111, 111 11 1111 1111111111 111111 111111111111111111111
111111.

¹) 011 11111 111111 11 worden 11111111111111111111111111111111111111,
1111 men 11 1111111111 Vertumnum m 1111. m 11111, 111111 11111111

1111111111 1111) 11 11. mem, 1111111111. 111 laeum 111111· Bam
(1111111111 lul).

 

