208

111 11111 11111111 1111111111, 11111111111ρ11111111111111
1111111111 1111 1111111111 111 11 mmmm 111 11 11111111, ἧι
11111111 uit 11 bii 1111111111 11111111 1111111111. len 111 &uruit
1111111111, 111 11 111111111111 11111111 1111111111111 1111111-
1111118111111111111111 1111111111 m 1111 1111111ςῆ 11 111
bom bij 1111 1111111111 bu 9⁵ 1111 1111111111, 11 1111111111 1111-
111111111111 111111 1111111111 11111, 1111111111111. 01111
11 11111 1111111 111111111 11111111 11111Ιί1111 1111, 111 1111111
’1 11111 1111111 111111, 11 1111111 111111111111111111111 111111.

mem.

11111111..

111 111111111111111 111111 111 111, 1111111111 111 mm 11
11 11111111 1111 11111111,11111“11111ο111111111111111111111 m·
11111, 111111 111 1111 111 1111 11111- 11 1111111111, 11 111 ult
1111 1111 1111111111 11111 1111111111. no 11111111111, wudu 11
exsulandi 11111111 111111, 1111111 11· 1111111111, 111111, 11111·
1111 waima uiuondoringan. 11111111 11111 11111111 11 1111 11111
111 1111111 1111111111.

1111 11 11111111111111111,111111111 11 1111 11111111 111111·
111111, 111 11 1111111111 111111 111111 1111 11 1111111111 111
mono 11 1111111111 1111111,1111 111 11111111 1111111 m 11111
11 11111111, mot 11 oleumcum: 111 11111111111111, 11 11
1111111111111 1111111.

111 1111111111 1111111111111111111 111111111111111111
11111111111111111111111111111111111,11111111111111111111
111 111111111111111 1111111.

01111 11 111111 111111, 111111 111111 1111111111 1111111111·
1111,11111111111ῆ1,1111111111111111 11 11 1111, 11111 11111-
11111 1111111111 111111 1111111111 1111111 1111111 11 11111111
maon 1111111 111 11 wodani„ 11111111 adun ab 11 hun 1111·
11111111111111111 111 1111111111 11111 1111111111 mudum
11111111111111111111111111 11111111, 11111 dubii 111111 1111-
111111, 1111 11111111111111, 111111 11 1111111111 in 1111 111111
111111111 (11 1111 11111111 111111) 1111 ,11111 111111 11111111
1111111.

1111 111111 1111111 1111111111 ab 1111111111 1111111111 1111
1111111111 1111111111111111111111,1ἣ 11111111 111 proclama
11111 11 1111111,11111,111111 1111111111- wudu-demum
1111111111,11111 111111111111,11111111111111111111111111111·
111 1111111111

 

